1000001001000111
1000001001100110
1000001000111101
1000001000110011
1000001000101000
1000001000110011
1000001001110000
1000001010011001
1000001010001111
1000001001010001
1000001000111101
1000001001111010
1000001011010111
1000001010111000
1000001011000010
1000001010011001
1000001001110000
1000001001110000
1000001001010001
1000001000001010
1000000111001100
1000000110000101
1000000100011110
1000000010011001
0000000000001010
0000000011100001
0000000111100001
0000001011010111
0000010000110011
0000010111101011
0000011101010001
0000100000011110
0000100010011001
0000100011101011
0000100101100110
0000100111100001
0000100111110101
0000100111101011
0000100101011100
0000100010000101
0000011111010111
0000011011110101
0000010111001100
0000010000011110
0000000111101011
0000000001111010
1000000010101110
1000000111110101
1000001100101000
1000001110011001
1000001110111000
1000001110001111
1000001101111010
1000001110111000
1000010000011110
1000010001010001
1000010001011100
1000010001011100
1000010010001111
1000010010011001
1000010010111000
1000010011010111
1000010100011110
1000010101000111
1000010100101000
1000010101000111
1000010101111010
1000010101111010
1000010101110000
1000010100111101
1000010100101000
1000010100111101
1000010101010001
1000010101000111
1000010100111101
1000010100101000
1000010100001010
1000010100000000
1000010100001010
1000010100011110
1000010011110101
1000010011001100
1000010010100011
1000010010101110
1000010011010111
1000010011100001
1000010010011001
1000010001110000
1000010001000111
1000010010000101
1000010010011001
1000010001111010
1000010001011100
1000010000101000
1000010000011110
1000010000110011
1000010000001010
1000001111110101
1000001111010111
1000001111001100
1000001110001111
1000001101100110
1000001101000111
1000001100110011
1000001100001010
1000001010111000
1000001001110000
1000001010000101
1000001010111000
1000001001110000
1000001000111101
1000001000000000
1000000111000010
1000000110111000
1000000110001111
1000000110001111
1000000110000101
1000000101110000
1000000101110000
1000000110011001
1000001000001010
1000001001110000
1000001010001111
1000001000011110
1000000111110101
1000001000111101
1000001001011100
1000001001011100
1000001001010001
1000001001000111
1000001001010001
1000001001111010
1000001010011001
1000001010111000
1000001010111000
1000001010001111
1000001001010001
1000001001110000
1000001011000010
1000001100010100
1000001100001010
1000001011100001
1000001011000010
1000001011001100
1000001100001010
1000001100101000
1000001100010100
1000001100101000
1000001011101011
1000001011110101
1000001100010100
1000001101010001
1000001101110000
1000001100110011
1000001100110011
1000001101010001
1000001101010001
1000001101111010
1000001101010001
1000001100010100
1000001010101110
1000001001010001
1000001001011100
1000001010000101
1000001010000101
1000001000111101
1000000110100011
1000000110001111
1000000101111010
1000000100000000
0000000001000111
0000000111001100
0000001101110000
0000010001100110
0000010011001100
0000010101100110
0000011001100110
0000011100101000
0000011101010001
0000011100000000
0000011010000101
0000010111101011
0000010011101011
0000010000101000
0000001100101000
0000000110100011
1000000000001010
1000000101100110
1000001010011001
1000001110101110
1000010010001111
1000010100010100
1000010101111010
1000010110101110
1000010110011001
1000010111000010
1000010111001100
1000011000011110
1000011000111101
1000011001000111
1000011001100110
1000011001111010
1000011000111101
1000011010000101
1000011010100011
1000011011100001
1000011011000010
1000011010100011
1000011010001111
1000011010111000
1000011010100011
1000011010101110
1000011010111000
1000011010100011
1000011001010001
1000011000110011
1000011001111010
1000011010011001
1000011001000111
1000011000101000
1000011000001010
1000011000011110
1000010111110101
1000010111001100
1000010110111000
1000010110000101
1000010101000111
1000010101010001
1000010101000111
1000010101000111
1000010100110011
1000010011110101
1000010011000010
1000010010101110
1000010010100011
1000010010001111
1000010001110000
1000010000110011
1000010000001010
1000001111100001
1000001111100001
1000001111110101
1000001111001100
1000001110011001
1000001101110000
1000001100110011
1000001101000111
1000001100110011
1000001100101000
1000001011110101
1000001011000010
1000001011100001
1000001100000000
1000001100001010
1000001100101000
1000001101000111
1000001100101000
1000001100110011
1000001100011110
1000001101011100
1000001101111010
1000001110000101
1000001101100110
1000001101011100
1000001101110000
1000001111001100
1000001111101011
1000001111001100
1000001110111000
1000001111100001
1000010000011110
1000010001010001
1000010001100110
1000010001010001
1000010001110000
1000010001111010
1000010010100011
1000010010001111
1000010001100110
1000010001010001
1000010001000111
1000010000011110
1000010000010100
1000010000101000
1000010000111101
1000010000011110
1000010000001010
1000001111110101
1000010000011110
1000010001010001
1000010001100110
1000010000011110
1000001111110101
1000001110101110
1000001101111010
1000001100101000
1000001100001010
1000001011000010
1000001001011100
1000001001010001
1000001001111010
1000001010000101
1000001001000111
1000000101011100
0000000000111101
0000001000000000
0000001101111010
0000010000010100
0000010010101110
0000010110000101
0000011010100011
0000011101000111
0000011101111010
0000011101100110
0000011100101000
0000011010100011
0000010111100001
0000010100000000
0000010000101000
0000001010101110
0000000010101110
1000000100110011
1000001001100110
1000001111101011
1000010101100110
1000011001011100
1000011010001111
1000011001011100
1000011001000111
1000011010000101
1000011011101011
1000011100011110
1000011100011110
1000011101000111
1000011101010001
1000011101011100
1000011101111010
1000011110011001
1000011110001111
1000011110000101
1000011101000111
1000011100111101
1000011101011100
1000011101111010
1000011101110000
1000011100010100
1000011100000000
1000011100111101
1000011101100110
1000011101010001
1000011101000111
1000011101100110
1000011100101000
1000011100110011
1000011100111101
1000011110000101
1000011110000101
1000011101011100
1000011100101000
1000011101011100
1000011101011100
1000011101111010
1000011101010001
1000011100011110
1000011100000000
1000011100110011
1000011100110011
1000011100011110
1000011100010100
1000011011010111
1000011010011001
1000011010011001
1000011010101110
1000011010011001
1000011001011100
1000011000101000
1000011000001010
1000010111110101
1000010111001100
1000010110001111
1000010101110000
1000010100101000
1000010100000000
1000010011000010
1000010010101110
1000010010100011
1000010010000101
1000010001100110
1000010000011110
1000010001000111
1000010010000101
1000010010000101
1000010001111010
1000010001011100
1000010001110000
1000010001000111
1000010001110000
1000010001110000
1000010001100110
1000010001000111
1000010000011110
1000010001011100
1000010010011001
1000010010000101
1000010010100011
1000010010101110
1000010010100011
1000010010100011
1000010011000010
1000010011010111
1000010011101011
1000010011010111
1000010011001100
1000010011010111
1000010100010100
1000010101000111
1000010100011110
1000010100000000
1000010011101011
1000010100011110
1000010100010100
1000010100011110
1000010100101000
1000010100110011
1000010100001010
1000010100001010
1000010100011110
1000010100110011
1000010101010001
1000010100011110
1000010011110101
1000010100010100
1000010100110011
1000010101110000
1000010100110011
1000010100101000
1000010011110101
1000010100000000
1000010011101011
1000010011100001
1000010100000000
1000010011010111
1000010011100001
1000010100010100
1000010100110011
1000010100110011
1000010011100001
1000010010011001
1000010001011100
1000010001111010
1000010011001100
1000010011100001
1000010011110101
1000010010101110
1000010010011001
1000010010111000
1000010011010111
1000010011010111
1000010010111000
1000010010000101
1000010010001111
1000010011010111
1000010011100001
1000010011110101
1000010011110101
1000010100001010
1000010011101011
1000010011101011
1000010100001010
1000010100011110
1000010100110011
1000010100000000
1000010011101011
1000010011100001
1000010100011110
1000010100110011
1000010101000111
1000010100010100
1000010100001010
1000010100110011
1000010101110000
1000010101100110
1000010101011100
1000010100011110
1000010100001010
1000010101000111
1000010101110000
1000010110011001
1000010110100011
1000010110000101
1000010100111101
1000010100001010
1000010100111101
1000010101100110
1000010110001111
1000010101110000
1000010100110011
1000010101000111
1000010101110000
1000010101110000
1000010101010001
1000010100001010
1000010011100001
1000010011110101
1000010100010100
1000010100010100
1000010100000000
1000010100001010
1000010100010100
1000010100101000
1000010100110011
1000010101010001
1000010101000111
1000010100010100
1000010011100001
1000010011000010
1000010011010111
1000010011101011
1000010011100001
1000010010001111
1000010010011001
1000010010101110
1000010011000010
1000010011101011
1000010011001100
1000010010101110
1000010010011001
1000010010011001
1000010010101110
1000010011001100
1000010011001100
1000010010101110
1000010010111000
1000010010100011
1000010011000010
1000010011110101
1000010011010111
1000010011000010
1000010010101110
1000010011010111
1000010100001010
1000010011101011
1000010011001100
1000010010101110
1000010011000010
1000010011000010
1000010011001100
1000010011101011
1000010100000000
1000010011010111
1000010010111000
1000010010100011
1000010011000010
1000010011001100
1000010010101110
1000010010001111
1000010010000101
1000010010001111
1000010011001100
1000010011001100
1000010011001100
1000010010101110
1000010001110000
1000010010000101
1000010010001111
1000010010100011
1000010010100011
1000010010100011
1000010010100011
1000010010111000
1000010011100001
1000010011101011
1000010010111000
1000010010011001
1000010010011001
1000010010100011
1000010011001100
1000010011000010
1000010011001100
1000010010011001
1000010001111010
1000010001110000
1000010010100011
1000010011100001
1000010011100001
1000010010100011
1000010010001111
1000010010101110
1000010010111000
1000010010100011
1000010010101110
1000010010101110
1000010010001111
1000010010011001
1000010011010111
1000010011110101
1000010011101011
1000010010101110
1000010001111010
1000010010100011
1000010011010111
1000010011010111
1000010010011001
1000010010001111
1000010001111010
1000010010011001
1000010010000101
1000010010000101
1000010001111010
1000010001110000
1000010001011100
1000010001011100
1000010001100110
1000010010001111
1000010010001111
1000010010011001
1000010011000010
1000010100001010
1000010100101000
1000010011101011
1000010010000101
1000010001110000
1000010001100110
1000010001111010
1000010010101110
1000010011000010
1000010010101110
1000010010011001
1000010010011001
1000010010001111
1000010010011001
1000010011001100
1000010010101110
1000010001110000
1000010001000111
1000010001110000
1000010010100011
1000010010111000
1000010010000101
1000010000010100
1000001111010111
1000001110101110
1000001110001111
1000001101110000
1000001100000000
1000001010000101
1000000111100001
1000000101000111
1000000011010111
1000000001010001
0000000000111101
0000000100000000
0000000111100001
0000001101110000
0000010101111010
0000011100000000
0000100000010100
0000100011001100
0000100101100110
0000100101111010
0000100110001111
0000100111100001
0000101000011110
0000101001011100
0000101001010001
0000100111101011
0000100011001100
0000011101110000
0000011001000111
0000010100011110
0000001111001100
0000001000111101
0000000000010100
1000000110100011
1000001011000010
1000001111000010
1000010011110101
1000011000011110
1000011001100110
1000011001000111
1000011001000111
1000011001110000
1000011010111000
1000011011000010
1000011100000000
1000011100110011
1000011101011100
1000011100101000
1000011100101000
1000011100110011
1000011101110000
1000011110001111
1000011110100011
1000011110001111
1000011110000101
1000011110001111
1000011111000010
1000011111001100
1000011111001100
1000011111010111
1000011111010111
1000011110111000
1000011111101011
1000100000001010
1000100000101000
1000100000101000
1000011111110101
1000011111100001
1000100000001010
1000100000000000
1000011111101011
1000011110111000
1000011110100011
1000011110101110
1000011111101011
1000011111100001
1000011111010111
1000011110000101
1000011110001111
1000011101111010
1000011101110000
1000011101111010
1000011101111010
1000011101110000
1000011101010001
1000011101000111
1000011101000111
1000011101110000
1000011101010001
1000011100011110
1000011011110101
1000011100011110
1000011100110011
1000011100101000
1000011011101011
1000011011101011
1000011011010111
1000011011010111
1000011011010111
1000011011010111
1000011010111000
1000011010111000
1000011001100110
1000011000110011
1000011000000000
1000010111101011
1000010110101110
1000010110000101
1000010100111101
1000010100101000
1000010100001010
1000010011001100
1000010010011001
1000010001110000
1000010001000111
1000010000010100
1000010000011110
1000010000101000
1000010000010100
1000001111000010
1000001110011001
1000001110101110
1000001110111000
1000001111101011
1000001111100001
1000001110101110
1000001110011001
1000001110011001
1000001110101110
1000001111000010
1000001111000010
1000001110001111
1000001101110000
1000001101100110
1000001101111010
1000001110001111
1000001101100110
1000001100011110
1000001100010100
1000001100011110
1000001101000111
1000001101010001
1000001100110011
1000001100111101
1000001100011110
1000001100010100
1000001100111101
1000001101111010
1000001110100011
1000001101100110
1000001100110011
1000001100110011
1000001101000111
1000001101011100
1000001100110011
1000001011000010
1000001000001010
1000000110100011
1000000100011110
1000000010100011
0000000000000000
0000000001100110
0000000000111101
1000000010101110
1000001001011100
1000010011110101
1000100000101000
1000101101011100
1000111001011100
1001000100001010
1001001011001100
1001001111000010
1001010001011100
1001010010011001
1001010001111010
1001010000000000
1001001100110011
1001001001110000
1001000101100110
1001000001110000
1000111011100001
1000110110001111
1000110000110011
1000101010100011
1000100100000000
1000011101011100
1000011000010100
1000010101011100
1000010011101011
1000010010100011
1000010001010001
1000010000000000
1000001111010111
1000001110101110
1000001110001111
1000001101110000
1000001101110000
1000001101010001
1000001101000111
1000001100001010
1000001100000000
1000001100001010
1000001011110101
1000001011100001
1000001011000010
1000001011000010
1000001100000000
1000001100110011
1000001101000111
1000001100010100
1000001011001100
1000001011001100
1000001011100001
1000001100000000
1000001011110101
1000001010101110
1000001001100110
1000001001000111
1000001010000101
1000001001111010
1000001000011110
1000001000000000
1000000110111000
1000000111000010
1000000111000010
1000000110100011
1000000110000101
1000000101100110
1000000100011110
1000000011100001
1000000010101110
1000000001110000
1000000001100110
1000000001000111
0000000000101000
0000000001011100
0000000001111010
0000000010100011
0000000011001100
0000000100110011
0000000111000010
0000000111101011
0000001000010100
0000001000101000
0000001010001111
0000001011101011
0000001100001010
0000001100010100
0000001100110011
0000001101100110
0000001110000101
0000001110111000
0000001111001100
0000001110111000
0000001111010111
0000001110011001
0000001101110000
0000001101011100
0000001100101000
0000001100001010
0000001011000010
0000001001000111
0000001000001010
0000000111101011
0000000110111000
0000000101100110
0000000010111000
0000000001000111
1000000000011110
1000000001000111
1000000010000101
1000000100001010
1000000101111010
1000000111001100
1000000111110101
1000001000000000
1000001000010100
1000001001011100
1000001010001111
1000001011000010
1000001011110101
1000001100000000
1000001100010100
1000001100010100
1000001100011110
1000001101010001
1000001110011001
1000001101011100
1000001101000111
1000001101100110
1000001110011001
1000001111010111
1000001110111000
1000001110101110
1000001110101110
1000001110100011
1000001110100011
1000001110101110
1000001110101110
1000001110101110
1000001110011001
1000001110111000
1000001111010111
1000010000001010
1000001111110101
1000001111101011
1000001111100001
1000010000000000
1000010000101000
1000010000111101
1000010000010100
1000010000101000
1000010000011110
1000010000011110
1000010000010100
1000010000011110
1000010000110011
1000010000010100
1000010000011110
1000010000010100
1000010000111101
1000010001110000
1000010001010001
1000010000101000
1000010000001010
1000010000110011
1000010000111101
1000010001000111
1000010000111101
1000010000011110
1000010000101000
1000010001010001
1000010000111101
1000010001010001
1000010001111010
1000010001110000
1000010001000111
1000010001011100
1000010010001111
1000010001111010
1000010001100110
1000010001011100
1000010001110000
1000010001110000
1000010010000101
1000010010011001
1000010010001111
1000010001111010
1000010001100110
1000010001011100
1000010010000101
1000010010000101
1000010001100110
1000010000111101
1000010000111101
1000010001011100
1000010001100110
1000010001011100
1000010001011100
1000010001010001
1000010000001010
1000001110011001
1000001100110011
1000001011110101
1000001011001100
1000001000010100
1000000110100011
1000000110001111
1000000100111101
1000000100010100
1000000100000000
1000000011010111
1000000000101000
0000000011001100
0000000110101110
0000001001000111
0000001010100011
0000001100111101
0000010000001010
0000010010100011
0000010011100001
0000010011101011
0000010010101110
0000010000001010
0000001101000111
0000001001011100
0000000110000101
0000000000011110
1000000101100110
1000001010111000
1000001101111010
1000010000111101
1000010011101011
1000010100111101
1000010100110011
1000010100011110
1000010100101000
1000010101100110
1000010110100011
1000010111010111
1000010111000010
1000010110011001
1000010110111000
1000010111101011
1000011001000111
1000011001010001
1000011001000111
1000011001000111
1000011001010001
1000011001100110
1000011001111010
1000011010011001
1000011001111010
1000011001110000
1000011001100110
1000011001100110
1000011001100110
1000011001110000
1000011001111010
1000011001100110
1000011001010001
1000011001010001
1000011001100110
1000011010001111
1000011001011100
1000011000010100
1000011000000000
1000011000011110
1000011000111101
1000011000011110
1000011000010100
1000011000001010
1000010111010111
1000010110111000
1000010110101110
1000010110100011
1000010110101110
1000010101111010
1000010100110011
1000010100011110
1000010101010001
1000010101100110
1000010101100110
1000010101100110
1000010100010100
1000010100010100
1000010100010100
1000010100001010
1000010011100001
1000010010101110
1000010010101110
1000010010111000
1000010010100011
1000010010011001
1000010010000101
1000010001110000
1000010001100110
1000010000111101
1000010001000111
1000010001110000
1000010001011100
1000010001000111
1000010000011110
1000010000000000
1000010000010100
1000010000111101
1000010001010001
1000010000010100
1000010000001010
1000010000001010
1000001111101011
1000010000000000
1000010000010100
1000010001000111
1000010001000111
1000010000110011
1000010000101000
1000010001010001
1000010001011100
1000010001010001
1000010010001111
1000010011000010
1000010100001010
1000010100011110
1000010011101011
1000010010111000
1000010010011001
1000010010000101
1000010010011001
1000010010101110
1000010010001111
1000010001100110
1000010001000111
1000010001011100
1000010001100110
1000010001011100
1000010000011110
1000010000001010
1000010000010100
1000010000110011
1000010000111101
1000010001000111
1000010001000111
1000010001010001
1000010000011110
1000010000111101
1000010000110011
1000010001100110
1000010001100110
1000010001110000
1000010001111010
1000010010100011
1000010011100001
1000010011101011
1000010100000000
1000010011110101
1000010011001100
1000010011110101
1000010100011110
1000010100110011
1000010100001010
1000010011100001
1000010011101011
1000010100011110
1000010100110011
1000010101000111
1000010101100110
1000010101110000
1000010101000111
1000010101110000
1000010110001111
1000010110111000
1000010110011001
1000010101000111
1000010100110011
1000010101010001
1000010101011100
1000010101110000
1000010101100110
1000010101000111
1000010101000111
1000010101010001
1000010101011100
1000010101111010
1000010101011100
1000010100101000
1000010100011110
1000010100010100
1000010100111101
1000010101100110
1000010101000111
1000010100110011
1000010100110011
1000010100110011
1000010101100110
1000010110001111
1000010100111101
1000010011000010
1000010001010001
1000010000101000
1000010000001010
1000001111110101
1000001110011001
1000001101100110
1000001100000000
1000001010101110
1000001000110011
1000000110100011
1000000010001111
0000000001100110
0000000100000000
0000000100110011
0000000101011100
0000000111101011
0000001010000101
0000001011001100
0000001011010111
0000001000110011
0000000101010001
0000000001110000
1000000001011100
1000000011101011
1000001000001010
1000001110100011
1000010100001010
1000011000000000
1000011011000010
1000011100101000
1000011100111101
1000011100110011
1000011101010001
1000011101100110
1000011110000101
1000011101111010
1000011101110000
1000011110111000
1000011111101011
1000011111110101
1000011111101011
1000011111101011
1000011111110101
1000100000101000
1000100000110011
1000100000000000
1000011111010111
1000011111000010
1000011111000010
1000011111001100
1000011111101011
1000011111110101
1000011111110101
1000011111100001
1000011111000010
1000011111001100
1000011111000010
1000011111100001
1000011111100001
1000011110111000
1000011110111000
1000011110011001
1000011111000010
1000011111001100
1000011110011001
1000011110000101
1000011101110000
1000011110001111
1000011110011001
1000011110101110
1000011101111010
1000011101011100
1000011101000111
1000011100011110
1000011100101000
1000011100110011
1000011100111101
1000011100011110
1000011100001010
1000011100011110
1000011101011100
1000011101111010
1000011101010001
1000011011110101
1000011011000010
1000011010111000
1000011011000010
1000011010101110
1000011010000101
1000011001011100
1000011001010001
1000011001010001
1000011000011110
1000011000011110
1000011000101000
1000010111100001
1000010110100011
1000010110111000
1000010111000010
1000010110111000
1000010110100011
1000010110011001
1000010110100011
1000010110011001
1000010110111000
1000010111101011
1000010111110101
1000010111001100
1000010110100011
1000010110101110
1000010111110101
1000011000001010
1000011000000000
1000011000000000
1000010111101011
1000010111110101
1000011000010100
1000011000010100
1000011000110011
1000011001000111
1000011000011110
1000011000101000
1000011000011110
1000011000111101
1000011001110000
1000011000101000
1000011000010100
1000011000101000
1000011001010001
1000011001111010
1000011001010001
1000011001010001
1000011001011100
1000011001110000
1000011010011001
1000011011100001
1000011011101011
1000011011000010
1000011010100011
1000011010111000
1000011011010111
1000011011110101
1000011011001100
1000011010101110
1000011010111000
1000011011000010
1000011011010111
1000011011100001
1000011011100001
1000011011010111
1000011010001111
1000011010101110
1000011011000010
1000011011101011
1000011010111000
1000011010100011
1000011010000101
1000011010001111
1000011001010001
1000011000111101
1000011000111101
1000011001000111
1000011001010001
1000011001011100
1000011010001111
1000011010101110
1000011000111101
1000010011000010
1000001100010100
1000000110001111
1000000001011100
0000000010001111
0000000111110101
0000001100111101
0000010000011110
0000010000011110
0000001111101011
0000001101110000
0000001100001010
0000001010000101
0000000101110000
1000000001111010
1000001001110000
1000001111101011
1000010100011110
1000011000110011
1000011010101110
1000011011010111
1000011011100001
1000011100000000
1000011100101000
1000011100101000
1000011100011110
1000011101010001
1000011101100110
1000011101110000
1000011101111010
1000011101110000
1000011101111010
1000011110001111
1000011110111000
1000011111100001
1000011111101011
1000011111100001
1000011110100011
1000011111000010
1000100000000000
1000100000000000
1000011111010111
1000011110101110
1000011110001111
1000011101110000
1000011110011001
1000011101111010
1000011101011100
1000011100101000
1000011100011110
1000011100011110
1000011100010100
1000011100010100
1000011100000000
1000011011001100
1000011001111010
1000011001100110
1000011001100110
1000011001110000
1000011000111101
1000011000011110
1000010110111000
1000010111000010
1000010111000010
1000010111001100
1000010110001111
1000010100111101
1000010100011110
1000010100110011
1000010100110011
1000010100111101
1000010100001010
1000010011110101
1000010010101110
1000010010001111
1000010010100011
1000010010011001
1000010001100110
1000010000110011
1000001111101011
1000010000000000
1000010000011110
1000010000110011
1000010000011110
1000010000101000
1000010000101000
1000010000010100
1000010000111101
1000010001100110
1000010001011100
1000010001011100
1000010000111101
1000010001010001
1000010010011001
1000010011010111
1000010011000010
1000010010111000
1000010010111000
1000010011010111
1000010100001010
1000010100010100
1000010100010100
1000010100000000
1000010011101011
1000010011100001
1000010011100001
1000010011010111
1000010011101011
1000010011000010
1000010001110000
1000010001110000
1000010001111010
1000010010001111
1000010001011100
1000010000110011
1000010000010100
1000001111101011
1000001111110101
1000001111100001
1000001110100011
1000001101100110
1000001101000111
1000001110000101
1000001110001111
1000001111000010
1000001111110101
1000010000001010
1000001100101000
1000000110100011
0000000000101000
0000000101111010
0000001001011100
0000001101110000
0000010011000010
0000010111110101
0000011010011001
0000011011100001
0000011011010111
0000011010101110
0000010111110101
0000010100011110
0000010000111101
0000001010000101
0000000000001010
1000000110100011
1000001100010100
1000010000111101
1000010100011110
1000010100101000
1000010100110011
1000010100101000
1000010101000111
1000010110000101
1000010111100001
1000011000010100
1000011000011110
1000011000011110
1000011000001010
1000011000111101
1000011001011100
1000011001111010
1000011001100110
1000011001010001
1000011000110011
1000011000101000
1000011001000111
1000011001110000
1000011000110011
1000011000011110
1000011000000000
1000011000000000
1000010111100001
1000010111100001
1000010111101011
1000011000000000
1000010111000010
1000010110100011
1000010111001100
1000010111100001
1000010111100001
1000010101111010
1000010101100110
1000010101010001
1000010100111101
1000010100101000
1000010100000000
1000010011100001
1000010010101110
1000010010111000
1000010010111000
1000010010001111
1000010001011100
1000010000000000
1000001111010111
1000001110111000
1000001110000101
1000001110011001
1000001110000101
1000001101000111
1000001100101000
1000001100111101
1000001101000111
1000001100101000
1000001011100001
1000001010111000
1000001010001111
1000001001111010
1000001010011001
1000001011000010
1000001011000010
1000001010101110
1000001010011001
1000001010100011
1000001011001100
1000001011000010
1000001010011001
1000001010000101
1000001001111010
1000001010001111
1000001010100011
1000001010101110
1000001010011001
1000001010000101
1000001001011100
1000001001100110
1000001010101110
1000001011001100
1000001010111000
1000001010111000
1000001010101110
1000001010111000
1000001010101110
1000001010101110
1000001010101110
1000001010100011
1000001001110000
1000001001010001
1000001001110000
1000001010000101
1000001001011100
1000001000110011
1000001000000000
1000001000011110
1000001000111101
1000001001010001
1000000111100001
1000000110011001
1000000101100110
1000000101100110
1000000100101000
1000000100000000
1000000011010111
1000000011100001
1000000010000101
0000000000110011
0000000101110000
0000001100111101
0000010100110011
0000011010100011
0000011101111010
0000100000110011
0000100100111101
0000101000111101
0000101010011001
0000101011100001
0000101011010111
0000101001010001
0000100101111010
0000100010001111
0000011110000101
0000010111010111
0000001111010111
0000000111010111
0000000000000000
1000000110001111
1000001010001111
1000001011001100
1000001010101110
1000001011000010
1000001100001010
1000001101011100
1000001110000101
1000001110000101
1000001101111010
1000001110100011
1000001111101011
1000010000110011
1000010000111101
1000010001000111
1000010001000111
1000010001011100
1000010001110000
1000010010011001
1000010010111000
1000010010000101
1000010001011100
1000010001011100
1000010001111010
1000010010000101
1000010001010001
1000010000011110
1000010000001010
1000010000011110
1000010000001010
1000010000000000
1000001111110101
1000001111010111
1000001110100011
1000001110101110
1000001111010111
1000001110101110
1000001110011001
1000001101011100
1000001101100110
1000001101111010
1000001101000111
1000001100111101
1000001100000000
1000001010011001
1000001000110011
1000001000001010
1000000111110101
1000000111001100
1000000110000101
1000000100101000
1000000011100001
1000000010011001
1000000010001111
1000000001110000
1000000000111101
0000000000000000
0000000000101000
0000000000111101
0000000000101000
0000000000101000
0000000001100110
0000000001111010
0000000001111010
0000000001000111
0000000000110011
0000000000001010
1000000000011110
1000000000111101
1000000000110011
1000000001000111
1000000001100110
1000000010000101
1000000010011001
1000000001100110
1000000001011100
1000000010001111
1000000010100011
1000000010101110
1000000011000010
1000000010011001
1000000010000101
1000000010011001
1000000010101110
1000000011000010
1000000010101110
1000000001100110
1000000001010001
1000000000111101
1000000000111101
1000000001011100
1000000000101000
1000000000010100
0000000000000000
0000000000001010
1000000000101000
1000000001000111
1000000000111101
0000000000001010
0000000000101000
0000000000010100
1000000000010100
1000000000011110
1000000000010100
1000000000011110
0000000000001010
1000000000001010
1000000000001010
0000000000000000
1000000000001010
0000000000011110
0000000001011100
0000000000101000
0000000000000000
1000000000101000
0000000000000000
0000000000011110
0000000000111101
0000000000001010
1000000000001010
1000000000001010
1000000000001010
0000000000000000
0000000000011110
1000000000010100
1000000001000111
1000000001100110
1000000001010001
1000000000011110
1000000000011110
1000000000110011
1000000001000111
1000000001010001
1000000000111101
1000000000010100
0000000000000000
0000000000010100
0000000000000000
1000000000010100
0000000000011110
0000000001011100
0000000010000101
0000000001110000
0000000001111010
0000000010000101
0000000010001111
0000000010001111
0000000011010111
0000000011010111
0000000011101011
0000000100000000
0000000011110101
0000000100000000
0000000101011100
0000000101000111
0000000100000000
0000000011110101
0000000100011110
0000000100111101
0000000101010001
0000000110000101
